300 2000 2000
77 277 6541
19 42 60004
12 271 60411
127 132 69658
186 93 20900
297 229 73598
177 228 69908
175 184 28912
169 124 24617
1 173 35575
216 57 475
7 154 27088
260 165 72095
165 172 88392
33 238 83921
203 74 18696
3 35 16309
47 98 80587
179 68 68270
184 203 1236
246 169 67587
124 186 15911
33 235 50292
161 275 10030
106 225 16284
147 276 85397
100 227 38506
207 125 2655
153 137 31727
49 254 89747
182 72 47077
201 63 17857
237 2 25274
300 261 12671
4 272 55639
188 271 82756
40 98 10675
33 210 57934
90 50 7118
225 295 86186
283 203 50150
166 180 40601
215 77 57353
140 220 20949
89 33 44558
265 268 47897
164 128 53958
195 224 57642
42 183 73344
212 38 52764
31 32 44090
234 217 88822
297 37 72833
139 10 19338
65 139 34587
196 21 24403
118 177 86305
52 65 12028
157 64 23575
41 16 13794
135 163 76091
160 19 81044
198 219 53462
194 64 56389
64 206 51095
4 120 54538
200 183 74811
71 114 4075
243 155 81846
243 101 35698
94 55 79047
72 191 45657
119 186 15799
165 84 3674
171 87 80168
274 40 43870
295 50 83320
61 297 45470
57 186 80083
211 128 14652
145 125 6600
258 86 71045
36 160 19582
142 223 23923
132 208 25783
149 178 73258
218 30 88147
12 242 45230
22 233 6173
72 195 87836
148 34 88447
49 140 19467
227 9 60141
57 37 89791
285 10 7931
289 154 77421
216 35 44976
240 78 838
6 26 8077
205 101 22357
5 3 69322
250 31 57113
105 20 19553
13 61 76166
89 258 35746
239 279 84761
97 144 53651
231 212 87310
196 29 43774
73 276 85758
69 8 4288
246 16 36006
182 134 57320
95 118 14637
19 215 51512
183 251 12557
100 288 88486
293 209 40469
67 16 30875
43 135 67099
138 52 4209
264 174 54755
59 185 60785
35 65 23431
177 136 47889
9 262 28093
159 252 81669
205 292 5447
258 59 4336
174 275 8091
276 236 86475
130 138 3118
88 140 81408
119 169 22049
23 257 47396
57 70 6911
42 232 60920
194 167 45718
135 66 51904
278 193 24742
73 86 67611
128 42 46001
148 21 19228
29 70 80883
174 231 40794
222 33 89017
23 234 85613
249 297 83550
69 74 56216
78 262 73285
82 230 9149
281 241 33799
183 297 74758
153 73 62273
237 51 65650
90 169 65992
64 209 6601
113 145 64023
148 101 57208
85 175 71033
120 124 89421
104 78 59540
38 184 70985
140 246 4286
236 85 7255
117 171 72116
203 33 89786
205 17 36140
270 24 27104
291 160 23112
125 153 87369
170 77 76666
109 273 44961
127 23 44732
188 241 50643
193 215 83711
48 68 41348
290 287 55814
119 61 55803
51 25 23784
227 2 27358
265 62 73618
282 52 32030
75 283 38745
11 105 67180
104 40 30481
118 31 76285
148 73 28526
62 11 80528
269 228 40728
48 42 82246
31 183 43056
29 47 42022
56 197 9496
246 102 55571
153 123 47048
190 90 43223
204 120 88859
22 154 43757
193 241 44405
123 40 76067
195 285 30322
195 226 12180
161 60 41661
102 129 50120
68 135 8457
180 175 78510
73 65 51761
156 123 87573
209 186 14160
207 1 80347
285 218 86657
183 59 52700
68 51 58155
64 255 66209
188 212 8766
162 253 2859
218 18 35747
75 12 63277
294 175 29207
49 260 79890
186 112 27995
150 57 24075
206 29 27001
143 230 43258
144 169 20058
230 202 10511
210 232 31612
233 300 74454
298 219 44958
126 297 18157
202 36 54535
216 158 82935
136 177 58336
136 274 44073
140 232 7492
98 113 71911
123 205 72252
228 290 40318
99 262 9495
12 114 61403
257 64 50017
50 142 38031
65 187 37965
65 127 27002
50 225 66296
68 1 73414
264 204 42216
152 173 50683
219 141 57963
233 18 78992
42 170 43955
215 93 62639
65 253 42879
172 134 57469
64 239 54688
46 100 19454
249 168 645
236 290 50671
223 118 79862
264 94 17191
230 110 2544
157 33 43068
136 80 31995
247 283 36458
292 177 3197
232 166 35133
3 97 31100
6 294 47359
259 30 22222
255 77 60289
162 247 50941
96 293 56013
201 189 66425
195 85 37597
59 103 51428
47 295 24314
153 177 52240
242 131 4850
18 110 64559
272 14 29498
274 44 45616
185 242 16533
170 74 5553
50 52 17034
223 16 17925
62 264 72958
112 154 77834
72 298 10532
209 128 53952
267 256 51403
247 299 58463
220 81 43870
93 45 73587
164 70 88217
133 66 85768
173 78 9087
69 204 4290
223 290 32831
271 15 80135
203 6 34788
207 294 20157
268 20 27486
205 145 88074
62 126 76528
290 288 40186
165 88 25927
107 1 5581
297 141 76548
62 32 60063
223 35 83629
262 92 8739
160 276 38140
78 42 34226
138 263 41288
46 125 50742
215 4 63398
151 6 88821
254 31 47325
134 254 20547
272 128 50367
19 233 34837
163 274 3900
237 101 72862
256 62 22232
94 266 47055
251 206 68632
207 258 44903
53 280 23588
282 40 27438
177 79 60473
119 39 88444
213 292 11130
125 245 43267
189 217 64075
251 2 5427
233 241 65529
120 83 59506
166 55 36771
3 265 70864
136 227 18770
135 24 37401
257 157 10165
264 162 38852
129 242 77977
148 215 34119
151 249 37977
208 2 56983
244 10 79492
228 273 75652
210 137 11881
53 8 5317
273 199 37043
115 36 78346
26 155 17549
11 11 2463
207 184 71988
173 199 82048
227 54 55444
183 3 20675
74 93 20520
247 22 42391
75 230 73834
181 186 75380
6 120 58815
134 79 88126
271 103 53027
16 29 9934
217 241 33375
129 185 780
280 260 54935
79 76 64502
194 70 82965
285 129 57721
161 12 56308
15 102 43458
23 155 78153
283 43 78677
164 152 38655
183 170 32721
218 242 38946
33 84 27893
37 145 81425
5 150 39382
263 27 42301
50 115 38061
205 109 81825
140 218 4937
139 300 1270
188 166 42683
70 38 50240
255 26 18765
174 8 88982
171 122 85726
64 76 39911
89 182 37161
162 51 82262
197 16 47017
37 59 77707
202 151 54208
47 16 37336
120 195 73328
134 52 85835
135 71 11805
44 2 34676
210 177 35108
82 275 13094
113 7 85211
12 39 37665
249 296 25725
159 162 22012
286 162 45922
149 285 18731
146 118 82335
259 219 12735
269 6 3580
156 152 83298
187 205 16665
167 12 35545
155 272 3923
183 132 82457
267 167 57332
1 215 55835
66 114 72524
211 10 16383
111 18 28844
282 58 79810
274 95 12472
36 120 15575
104 215 16563
291 143 71090
82 276 64404
171 176 29973
127 47 64020
279 19 72111
223 119 29031
59 19 39029
184 195 7696
131 91 22643
141 256 48848
114 100 20753
228 198 79663
161 219 14661
139 130 35889
48 273 89601
155 61 46145
162 90 15275
148 165 27114
141 285 59053
233 157 64616
216 8 83487
105 39 50134
78 58 10806
59 121 37602
154 138 75939
83 152 7491
9 268 74989
247 111 39808
85 205 35370
262 81 27642
278 51 50864
279 226 67649
41 290 36094
17 53 5873
237 91 22723
112 191 43002
156 136 82033
10 61 42857
234 53 2579
276 53 62272
141 101 23540
42 27 30615
258 256 23698
101 251 73055
110 184 15336
200 63 36644
233 275 11240
19 94 8906
19 141 73828
112 295 77320
31 228 27642
200 88 42800
67 44 13421
203 232 44577
293 158 68462
58 83 87931
164 256 27942
73 55 39826
34 283 14570
1 266 47300
114 133 78116
118 86 80575
103 108 89925
120 278 55208
238 245 45356
121 287 44199
121 213 24119
273 31 72760
280 261 41823
280 38 81275
239 35 28171
257 27 55856
190 94 58335
64 160 14609
119 292 88906
230 2 42290
70 96 54330
300 113 43067
161 168 34762
27 164 48423
41 64 80864
200 299 81504
186 190 37403
168 47 39161
144 156 45159
149 179 8794
108 119 24622
31 267 69326
242 282 39426
9 8 60082
132 226 17057
23 138 43156
231 60 71935
141 52 21638
288 116 32507
30 215 25204
232 63 73979
210 2 84867
257 263 64463
174 64 8191
32 214 84989
296 194 8635
266 206 23120
256 97 82963
266 209 22791
195 106 3494
242 235 1406
145 258 73279
241 56 59356
4 215 75761
91 22 61327
99 62 7643
166 123 69338
36 239 22093
133 157 72026
48 207 7865
195 293 37456
104 31 50758
59 208 54691
292 59 85532
84 189 62899
160 55 31783
190 245 88637
215 186 49774
6 211 37558
262 210 3147
22 33 3336
98 299 54327
43 201 77104
112 8 26771
4 181 8500
186 207 28496
175 289 48507
207 299 60842
296 232 75629
45 222 56227
252 297 9197
4 80 9023
286 46 75904
260 204 25755
4 94 53012
16 63 61850
260 288 27858
196 116 76465
25 256 13731
282 210 33748
248 222 13164
223 195 14736
151 280 26785
158 203 25281
270 49 79628
264 236 84652
221 17 76169
235 84 15728
252 267 8725
279 73 49296
12 186 2566
37 56 86537
264 265 81954
193 212 39167
167 150 42229
162 221 3033
229 160 73740
12 4 86469
33 37 14596
297 244 88035
97 213 5467
172 35 8568
40 120 86111
43 262 87910
44 32 36949
30 297 69906
179 39 6660
50 63 70829
298 36 26259
235 143 53713
43 203 58201
126 170 82196
182 9 4703
24 269 71311
232 27 50012
167 37 56903
259 220 17726
253 249 4191
171 26 1361
190 87 46429
85 146 12915
131 161 18177
208 155 83772
165 113 3890
140 97 78108
106 25 29478
97 252 14672
87 24 80031
51 299 79676
15 108 41339
26 160 47189
238 41 73330
223 286 15462
80 255 5688
36 211 14249
37 250 58877
14 77 73306
100 75 26062
80 167 46502
58 146 48172
295 273 25567
8 289 7748
263 193 2528
272 106 27551
241 264 51465
101 274 76459
193 170 51658
91 201 56626
268 184 85897
212 268 14426
190 171 53362
149 135 38140
27 173 46853
263 81 71256
152 251 20420
237 193 50705
65 276 63831
153 164 86012
186 169 31991
292 107 18699
73 196 31219
121 16 2861
231 103 7209
170 219 38140
142 87 28870
78 199 52584
138 247 15314
149 242 75929
204 156 37971
249 18 57514
166 63 56410
89 111 49191
178 21 71145
300 204 57632
102 105 73393
188 292 12299
129 20 84680
142 199 129
261 119 34370
211 52 80554
111 125 28016
162 85 75320
152 54 45037
294 131 56054
36 225 52890
193 247 69130
90 214 46398
241 12 41411
189 69 34421
231 132 53809
80 284 65093
262 222 21512
190 99 28080
266 28 9395
146 185 16540
36 73 45010
279 124 21403
179 177 22268
37 183 51368
8 191 83031
270 125 22491
14 280 53281
111 187 64112
53 47 21535
212 37 39291
241 138 2996
112 3 6403
170 41 62098
210 231 89901
52 50 65705
98 165 44975
297 228 60925
102 86 9534
79 253 72912
61 281 83640
157 154 47074
167 209 58729
12 104 60945
182 145 46426
290 8 47470
211 55 72418
16 206 86179
196 211 18065
227 298 23917
15 104 39293
288 179 28562
277 276 559
217 297 88225
192 300 42778
287 91 62363
42 8 40361
195 58 31789
276 55 6112
108 165 41260
109 143 41587
88 299 47531
269 243 6181
50 42 68695
164 157 36112
120 260 6589
149 28 89408
195 294 55581
98 186 78211
183 33 39264
205 280 71649
113 20 79938
154 227 63886
3 13 69905
140 44 59193
227 152 81518
191 253 1656
294 166 64782
179 125 32213
156 289 87939
281 239 88626
72 124 7244
8 49 1297
8 104 78568
171 51 10171
273 204 22801
215 121 17805
222 124 35108
249 51 31508
255 198 83847
52 137 41275
123 216 48355
68 17 1791
226 5 65069
176 95 3840
102 258 20384
294 29 62011
52 256 14300
120 194 21634
115 50 72694
52 109 5215
142 177 52583
214 44 13065
23 24 50156
84 69 23266
86 267 14957
20 196 72681
233 193 20403
6 237 86613
198 160 42537
280 10 55222
263 264 72551
15 202 41957
30 144 48676
7 163 73
190 255 32335
100 53 69763
123 157 39154
202 205 76986
44 289 79057
210 221 35615
241 115 61124
51 112 3862
123 247 555
109 242 33354
221 291 32755
93 25 4130
166 249 24771
23 217 34788
202 94 6427
89 88 8228
18 277 3656
125 179 48372
150 265 37626
122 128 35529
187 266 25090
45 233 43087
63 238 17252
173 222 9471
131 299 4377
281 125 5599
231 299 37045
213 178 60734
41 194 29411
95 217 47935
104 36 10893
206 4 36295
241 150 81237
174 277 80678
209 254 5683
212 100 81862
212 99 67357
236 183 78318
6 270 27790
3 188 24449
203 182 66616
124 167 65487
120 7 36134
282 241 12363
179 88 7025
146 1 74864
288 153 83407
216 277 75446
277 6 70000
263 17 84571
104 82 84338
136 200 60884
134 184 13889
268 54 41199
136 54 80785
51 231 2674
101 246 24340
111 159 71900
76 274 62050
100 149 37091
149 32 88202
183 112 48910
30 292 75858
287 205 63572
168 43 51293
296 260 86306
242 149 88055
283 185 81543
185 116 555
247 281 3571
4 235 68918
124 266 82232
235 95 24564
268 40 42483
140 295 20504
69 224 19999
76 258 62738
101 209 80715
164 51 23746
227 102 27626
245 105 51839
296 167 88593
11 233 66845
86 151 84880
164 136 86417
219 39 30313
209 246 88321
109 167 12839
194 134 52393
203 188 39832
278 170 2601
291 273 61812
142 239 30597
295 148 67288
202 148 16436
80 192 54788
218 164 8435
285 233 72845
15 214 70896
49 258 42470
187 8 34110
36 281 59930
169 128 86057
250 22 28982
7 106 46042
57 247 9379
106 17 82004
240 138 68845
47 200 44427
110 273 50240
89 214 25342
203 17 57988
106 259 60554
129 264 75077
9 196 14464
6 293 59346
253 203 83909
44 210 18139
146 182 47752
176 89 22853
279 245 79
119 202 56996
137 62 32546
141 28 55145
239 245 41209
90 4 88659
2 133 22205
161 258 40807
237 281 65336
60 246 44389
20 287 3694
13 179 52145
174 108 79024
199 279 76004
134 131 13346
72 114 46866
77 188 31071
186 212 63105
172 278 52927
55 124 16732
62 205 36126
134 145 41593
129 74 79752
151 13 56711
3 181 19063
286 178 73437
165 9 14631
48 59 12039
231 24 31339
299 48 38187
243 94 9238
81 86 40907
25 165 16803
282 89 71793
257 106 50376
219 276 74551
222 171 41401
5 227 6903
59 36 22384
175 94 28520
237 138 67961
289 126 80891
111 86 9075
190 264 73527
269 195 83089
56 223 31738
104 200 48847
62 35 14246
226 80 52947
61 259 40377
227 260 2029
180 177 41477
81 66 24371
221 158 48983
29 51 30368
211 284 75250
256 268 63265
107 21 49890
66 219 29426
289 256 46923
283 210 44055
104 177 2903
57 264 20617
290 31 35477
1 226 67170
174 17 29902
255 174 75599
21 191 74896
162 272 89008
30 125 38110
152 53 79648
139 6 1178
39 257 27315
154 46 32947
236 135 65670
69 277 71880
88 252 17009
6 93 54722
271 119 38394
182 201 42605
171 47 20274
127 84 75253
282 99 42608
49 135 73498
170 272 56300
97 217 13403
61 153 5164
102 41 14203
168 298 28441
2 91 57417
88 36 89364
254 238 83097
231 283 19087
243 182 62393
132 259 48340
67 19 71863
170 191 85559
153 186 24650
96 165 2297
260 32 14963
39 198 72276
166 260 7959
40 239 12167
264 206 81691
131 3 15970
286 284 74987
103 79 88810
140 262 8707
103 83 72747
177 56 39308
172 232 89490
63 34 85455
285 57 56730
110 22 78698
110 49 40088
86 102 20395
294 120 82551
284 14 42652
166 121 60003
44 165 63162
52 271 57177
145 120 55143
34 85 20765
142 142 55862
51 234 42915
153 239 72590
190 278 34056
44 194 85898
17 64 79783
33 255 69244
31 117 67505
18 177 51239
1 176 15427
44 198 10903
284 264 6155
281 296 35948
23 114 51777
259 272 48429
235 94 7859
82 226 51144
137 17 15125
198 196 87531
84 83 34260
182 142 21768
61 216 88259
160 112 19284
62 92 16806
239 59 63665
33 13 85547
219 233 26989
76 296 50810
251 166 28548
28 11 18518
190 110 62753
115 62 66330
208 62 14735
65 110 37705
177 238 63558
262 94 8181
215 197 76665
133 28 10223
52 253 28174
200 107 24260
62 296 56543
75 53 89685
142 115 33087
134 136 20411
156 56 71269
154 234 16489
284 160 61003
151 81 25029
276 237 31783
75 243 29012
69 252 86390
194 43 38416
142 156 43451
123 177 31352
203 290 80266
135 5 32136
121 220 41641
89 152 74071
94 263 77720
267 62 41352
34 98 73768
285 291 32147
118 169 73230
88 173 48689
186 185 24194
244 233 11202
273 287 38620
180 23 86446
103 8 35424
37 20 83213
300 5 73271
285 160 14840
256 256 76238
244 248 32445
237 154 54224
190 144 40231
294 158 37725
288 26 71813
208 228 65934
229 221 73428
119 208 69376
277 108 45841
43 286 39690
248 214 41132
166 24 26177
274 249 67838
278 240 66110
95 45 31833
75 51 4414
98 196 41105
74 29 60744
102 19 38294
234 227 50524
235 192 29457
122 85 5564
87 95 23999
231 245 18003
242 234 30350
182 253 4395
215 249 31168
261 70 38871
162 294 43040
205 256 23698
40 4 38699
106 35 19712
94 215 16705
12 5 58717
95 20 73720
135 299 13481
13 278 9972
223 14 21200
185 248 44865
9 81 28008
13 85 22272
95 194 5196
292 181 53452
112 280 56937
42 50 50361
208 137 47865
169 234 31562
260 17 57735
282 297 70855
207 251 64669
3 20 5209
227 110 83836
63 204 28752
125 222 80397
54 192 84525
220 17 52285
149 44 29318
86 269 64117
274 128 2796
132 85 84876
37 251 80068
123 12 49525
30 235 77192
260 203 61140
231 260 6863
256 65 48810
266 41 71884
154 181 58875
230 235 85842
149 278 49497
173 112 14402
49 14 38802
61 262 80718
229 97 86837
285 228 68338
227 197 78533
80 40 30531
24 57 4635
210 50 70687
240 249 27166
118 52 635
102 6 784
262 20 39671
184 15 60458
14 261 7620
53 292 32033
254 268 16713
259 148 21985
171 187 31638
27 277 19669
198 83 77068
5 253 54528
252 191 66327
8 246 87112
9 236 88487
91 153 29857
232 294 31597
279 183 80456
145 144 75574
62 254 73174
225 165 6739
37 178 23079
207 165 44917
61 248 72934
32 5 27393
66 203 52429
13 147 24787
34 278 70802
65 48 32449
34 191 13755
275 50 28791
197 112 52279
195 102 89632
140 159 81351
129 250 64224
281 235 35577
226 43 11392
150 204 27098
204 96 64865
196 100 3949
40 278 52350
93 200 30329
144 87 87080
170 196 54497
230 257 56621
46 208 16858
122 9 43407
105 273 1070
76 110 50381
252 134 35641
142 28 13202
166 187 70468
141 54 43748
49 243 72468
254 58 18401
222 79 65224
88 200 77313
270 134 39740
117 9 41658
59 267 46072
214 93 7784
251 296 21065
252 163 58140
50 171 63487
192 66 83313
239 73 29039
155 29 73574
132 57 65663
239 283 6564
214 33 42970
94 176 81152
29 192 48003
75 57 79484
38 159 86983
93 59 82659
183 161 52186
248 202 811
162 285 57784
27 111 32117
146 181 5138
1 103 15870
137 290 69323
264 152 22430
112 118 49542
32 47 84033
81 123 48686
131 224 2532
48 6 12888
103 22 24993
221 34 4915
212 199 33915
161 130 32727
112 96 3110
224 164 52357
129 234 6544
293 26 69167
173 61 81945
209 59 87401
93 77 25410
213 240 50914
111 145 74590
72 154 11858
100 185 65369
214 255 85980
100 135 69053
222 187 86731
275 4 80329
37 77 38946
94 46 69515
214 94 8741
244 222 56260
98 237 19716
256 46 65869
100 128 7939
258 100 77457
220 233 71487
208 17 26796
18 135 71462
40 2 25806
220 274 69170
233 127 82689
75 56 49299
255 114 24145
46 61 20162
188 196 20144
260 106 29395
77 161 68694
3 78 69171
206 176 48393
55 258 47955
250 247 24420
219 287 35363
99 204 43124
98 102 47136
98 17 43057
251 98 61791
89 222 18309
93 86 65772
300 244 58888
158 171 12783
149 160 307
194 37 5304
192 190 51464
80 224 85906
129 43 41165
77 198 65257
31 238 20402
12 178 16513
261 189 42443
116 154 54247
47 225 19267
118 168 77852
232 64 89100
22 290 22171
228 133 27764
267 119 43998
274 51 28283
150 55 15533
86 258 44039
30 157 85999
88 175 68429
85 83 86860
257 188 1549
5 78 60785
145 12 38280
197 291 63782
208 199 64692
51 8 12998
187 279 1863
133 37 56431
268 91 38391
161 134 80285
191 29 13318
232 66 51850
110 50 42303
263 248 43077
253 277 5418
87 164 32936
199 161 62458
154 88 81363
29 113 41819
285 169 52379
123 190 53410
275 7 27243
279 93 65736
114 273 6701
65 39 77857
142 264 27332
77 10 5196
192 161 5965
180 232 28779
167 204 9616
24 267 59072
230 15 35972
67 262 55519
149 167 44568
182 44 26188
2 192 24506
200 134 49989
128 265 57796
262 132 41975
149 282 58965
154 194 76968
47 249 51971
247 113 35076
34 32 47649
47 33 79273
195 44 72595
149 116 2058
196 12 21082
180 253 21255
292 139 23154
52 280 36202
221 39 46049
36 20 52576
36 214 46498
175 90 31252
108 74 31914
273 280 85852
1 140 17248
22 289 9184
196 263 6788
192 3 36467
125 161 83243
19 117 67303
270 30 41908
259 91 31155
28 88 41159
19 100 23152
3 180 21819
171 194 79086
208 142 17742
152 108 56587
211 125 32218
123 24 58592
142 51 20986
244 259 45581
130 46 37650
136 277 31539
283 157 83181
203 206 89194
137 91 63672
276 11 2069
157 280 76606
195 38 37282
1 146 85688
224 30 14872
272 101 43282
34 69 37503
147 217 10948
228 280 8448
104 258 42635
4 277 82936
247 234 69631
250 116 34600
202 77 82412
272 40 31904
104 137 11385
202 121 35670
48 84 38186
85 104 35360
113 111 15131
74 128 53237
209 251 51412
75 21 17658
169 241 53515
115 154 45191
219 271 73494
91 231 1250
143 126 14560
175 206 70098
179 54 73172
37 185 17667
287 116 24933
185 281 16504
299 121 17758
184 276 61215
288 39 26900
196 23 63716
14 83 45407
130 265 27089
179 35 39822
6 48 54765
166 47 54121
109 17 26009
89 260 68193
221 181 87057
255 274 51005
235 200 17691
260 232 86776
77 257 79010
22 71 1928
109 261 18365
182 224 45036
181 122 74500
244 116 69682
127 176 50833
209 36 29991
197 183 73734
47 244 7892
215 256 82908
240 284 19766
242 44 46903
191 38 66821
291 251 30751
255 251 35043
27 158 4460
16 39 80349
43 184 27345
120 224 62525
266 282 61762
60 272 44310
202 202 17106
181 139 86151
222 215 56431
187 276 5803
175 157 28997
258 128 28654
280 252 16162
44 252 20711
176 141 26816
27 216 21234
103 221 75893
284 206 38857
262 84 25739
247 237 15137
223 166 63618
13 31 56164
8 253 49585
103 138 44042
19 83 55564
262 114 1298
61 140 55160
201 193 45561
115 128 11535
251 144 16131
57 68 67093
278 208 72792
112 272 56998
201 107 30182
80 183 15815
182 232 81593
180 73 84608
3 207 18390
30 91 51458
248 163 61800
187 50 77334
177 80 50727
120 130 30462
232 172 56438
45 22 9479
86 164 37222
243 49 68914
81 273 27608
233 195 49607
230 132 78647
12 203 89576
10 242 88183
269 292 67950
232 85 24298
16 57 46827
255 284 43804
225 247 47672
239 80 58478
126 185 42209
98 36 70327
171 17 39536
283 196 86867
295 201 18392
62 103 61849
141 129 76389
114 74 7690
43 22 65589
29 149 68547
197 269 58042
262 154 73753
200 266 65414
50 162 88756
122 182 38680
114 7 10054
244 208 17511
247 120 82662
206 181 13826
198 239 61735
206 274 50104
214 194 24594
246 38 22293
188 226 8545
254 201 4840
184 26 29463
201 257 63911
236 17 62022
114 243 41022
100 192 1357
197 84 17804
96 231 82734
81 137 19114
142 285 40558
147 186 79821
67 286 16318
49 119 3721
217 123 76267
221 293 2026
113 289 621
136 269 7971
50 77 25665
109 135 9033
206 33 82457
96 92 82404
3 159 5250
222 180 17393
239 64 73171
109 165 54274
266 232 63182
248 98 21771
79 21 38926
204 141 52885
155 257 84482
25 245 27490
187 111 45435
180 131 8728
56 199 42711
248 184 39911
90 133 43698
44 231 82677
192 172 15059
244 82 65457
282 129 32861
16 20 65232
219 42 48471
96 33 28490
193 244 80001
213 203 82216
42 132 57616
287 14 79537
141 164 23856
168 171 52257
13 274 89464
159 295 9398
56 68 1420
80 12 11197
300 272 70795
230 134 54440
97 68 36241
21 80 52450
3 120 45698
272 270 9811
78 273 49797
175 3 72982
241 193 71287
40 6 23238
132 178 8558
89 93 74785
156 53 71054
134 264 47320
268 21 37598
6 40 19467
80 203 31113
71 268 80747
174 184 8109
1 189 29084
242 205 13272
38 80 89721
121 186 14027
111 286 76573
197 93 384
189 243 15909
7 140 65442
144 28 26126
77 14 19840
225 261 18486
10 203 17729
147 258 65953
1 97 45304
37 78 6412
33 39 21083
92 77 16755
6 281 87272
70 158 57556
96 181 45340
135 264 20752
174 132 29487
247 8 27385
198 252 52285
155 36 29263
116 99 27815
81 152 23456
130 17 55469
188 96 48503
139 256 51973
220 209 38164
193 254 4478
199 268 48419
222 245 29969
180 89 49129
15 76 45448
139 174 341
282 152 57703
75 255 41312
189 17 7041
109 250 89387
200 263 21148
255 62 59528
56 106 27088
166 112 73299
223 81 59393
138 102 4984
118 180 51676
282 212 4402
50 131 48283
240 45 61229
279 1 79076
182 57 70113
259 251 2098
156 156 39846
171 239 3131
34 86 67326
269 185 44714
94 234 84858
123 108 10520
274 221 60240
242 170 13168
240 293 43781
52 1 3245
41 72 76339
86 162 62350
300 81 36725
139 168 970
80 27 16191
26 47 83183
297 48 71542
35 184 53545
160 144 22593
298 128 45889
233 229 4914
28 162 38502
20 171 30131
184 196 65623
28 220 4320
78 102 34818
300 209 41636
131 216 33609
47 279 42759
235 169 51982
246 218 21184
300 51 73223
43 150 62117
109 5 67052
275 1 52600
158 88 70482
34 268 18944
12 127 7534
139 255 79829
92 190 88452
203 158 87816
121 80 10609
44 283 52046
281 45 50116
122 158 67962
207 271 23734
37 25 89575
159 273 62189
202 292 2651
7 35 38849
69 188 54363
63 236 16788
81 39 26926
293 123 9979
16 75 46869
27 278 59035
270 186 1287
219 83 7130
99 135 5949
163 181 32067
110 28 10440
182 183 59169
80 46 67592
207 37 32594
141 225 62393
52 45 6655
167 218 3089
60 275 10904
89 275 43961
131 8 89990
191 22 39504
167 141 71155
67 220 56975
101 174 5376
258 190 60764
170 103 1324
112 238 1367
20 29 1305
110 259 35971
230 266 79806
29 9 50271
26 238 66534
286 73 21268
19 101 40983
275 35 36057
84 202 64888
229 167 63701
58 88 6817
109 170 71860
121 132 23129
48 160 13511
175 32 21506
268 160 42069
99 185 65738
187 135 44295
116 21 80868
280 162 24533
7 80 59604
219 131 11975
101 31 38243
117 245 6818
152 43 25103
173 260 87134
6 28 9182
211 278 17768
252 36 60101
290 131 13361
230 11 60786
136 28 26850
204 166 41827
286 235 21786
287 211 49544
50 206 20614
178 238 607
91 102 296
19 1 26468
269 267 60370
132 265 51584
73 289 9085
278 247 49891
196 224 52573
16 214 4824
22 60 47035
157 233 67965
223 27 12134
254 292 30595
125 47 42650
77 212 26432
167 103 55379
105 165 74298
78 158 88828
23 212 21221
166 257 6040
287 77 54783
160 229 12495
221 93 11529
199 259 44370
200 209 830
165 159 10701
229 95 81242
88 121 15026
165 230 60237
208 102 39123
47 102 27287
191 106 81572
129 285 66400
71 239 71216
163 139 7923
195 258 11591
101 145 66019
21 277 16687
206 294 64659
69 212 61116
89 19 54390
263 104 36853
43 27 13710
165 44 15613
202 189 46915
53 143 21924
30 271 3152
36 1 51387
154 67 67607
124 164 54755
35 35 28159
73 295 49876
264 296 56215
215 6 32319
193 51 38705
168 68 53099
262 127 72228
101 56 68651
103 24 28335
91 173 66319
224 163 65442
259 2 89334
240 120 76927
69 256 46895
62 111 79442
233 286 29255
150 3 13254
77 167 8530
138 264 83045
30 223 87032
285 111 57359
20 300 42440
194 82 65180
13 225 2560
123 20 77221
288 28 55514
250 114 36550
206 117 42365
99 84 85857
223 165 46096
171 6 2254
52 182 36194
148 127 88275
185 217 81241
163 63 86566
178 183 33195
131 195 72323
209 106 10824
41 99 60521
27 290 19499
36 235 87566
102 80 14329
120 158 31546
94 21 8346
187 34 18829
287 10 80592
276 177 38
218 256 1164
284 262 25189
116 85 47801
179 274 8596
182 36 31263
241 248 77100
204 11 16854
277 72 46701
40 54 88428
135 139 12338
43 34 50514
209 131 52296
138 132 68621
230 30 4410
290 46 50036
98 100 42539
203 55 28494
247 176 21013
51 216 79631
275 47 987
64 297 60393
10 80 79515
97 41 78083
156 132 29522
68 292 59958
266 14 75546
281 182 88190
56 145 87096
295 33 73628
234 213 47085
192 25 8242
261 253 86986
115 150 83904
194 47 46323
141 198 66689
4 209 72956
151 35 45484
114 103 61830
199 6 3278
212 104 30483
26 264 43043
87 37 42568
161 262 2723
82 83 35272
253 85 19764
274 67 67384
155 93 62296
172 189 77967
300 279 47500
213 110 64999
263 158 26731
93 31 30623
30 197 65726
243 121 88695
284 211 83859
268 128 78469
279 91 78950
217 67 60083
290 39 61464
287 125 55317
36 2 9578
263 96 14739
226 141 20330
92 157 85411
189 61 81498
17 183 40903
239 157 37435
106 205 63157
195 128 56632
201 3 66622
193 108 30771
220 119 53398
246 115 2874
119 108 8991
102 253 11706
218 3 45796
2 160 36227
296 169 54399
23 167 37693
180 80 68822
68 258 35689
253 27 12963
35 185 29641
220 127 69898
234 121 2276
229 297 45696
193 237 81915
272 131 55420
142 287 1386
154 225 22642
247 256 10882
35 1 70196
166 195 70332
108 278 51844
208 196 9352
P
P
Z 1 126
Z 1 265
Z 73 101
P
P
P
P
P
Z 1 264
P
Z 1 139
P
P
P
P
P
P
P
Z 1 122
Z 1 254
Z 254 6
P
Z 1 283
Z 1 59
P
P
P
P
P
Z 1 45
P
Z 1 183
Z 1 72
P
P
Z 1 154
P
P
P
P
P
P
Z 97 18
P
P
P
P
Z 1 80
Z 1 255
Z 1 157
Z 1 262
P
Z 1 37
P
P
Z 1 166
P
P
P
P
P
Z 1 224
P
P
Z 1 52
Z 1 194
P
P
P
P
Z 1 296
P
Z 1 196
Z 20 93
Z 1 111
Z 1 20
P
Z 1 99
P
P
Z 1 152
P
P
P
P
P
Z 29 197
Z 1 195
P
P
Z 1 152
Z 74 186
Z 1 99
P
P
Z 1 238
Z 1 168
Z 1 256
Z 1 140
Z 1 164
Z 1 4
Z 30 71
P
Z 1 72
Z 1 75
P
Z 1 194
P
Z 1 20
P
P
P
P
P
Z 1 2
Z 1 92
Z 1 135
P
Z 1 243
P
P
P
Z 1 80
P
P
Z 1 229
P
P
Z 1 180
Z 252 292
P
Z 1 138
P
Z 1 179
P
Z 1 59
Z 1 7
Z 1 16
P
Z 1 115
P
P
P
P
P
Z 1 149
P
P
P
P
P
P
P
P
P
P
P
P
P
Z 1 184
P
P
P
Z 1 137
P
P
P
Z 1 206
P
Z 1 113
Z 1 72
Z 1 241
P
P
P
P
Z 1 180
P
P
P
Z 1 116
P
P
Z 1 283
P
P
P
P
P
Z 1 292
Z 1 115
P
P
Z 1 16
P
Z 1 274
Z 1 125
P
Z 1 235
P
P
P
P
Z 116 218
Z 1 128
P
P
P
P
P
P
Z 1 289
P
Z 1 81
P
P
P
P
P
P
P
P
P
P
P
Z 213 186
Z 1 143
P
P
Z 1 290
P
P
Z 1 296
Z 1 177
P
Z 1 38
Z 1 236
P
P
P
P
P
Z 1 23
Z 1 237
P
Z 1 5
Z 1 47
Z 1 69
P
Z 1 267
P
P
P
P
P
Z 1 63
P
Z 1 217
Z 1 227
P
P
P
P
P
P
P
Z 1 163
P
Z 1 121
P
Z 1 269
Z 1 72
P
P
P
P
P
P
P
Z 1 138
P
P
Z 1 107
Z 1 78
P
Z 1 180
P
Z 1 189
P
Z 1 166
Z 1 286
P
P
Z 1 294
Z 1 271
Z 1 36
P
Z 1 182
P
Z 1 181
Z 1 261
P
P
P
Z 1 152
P
Z 1 128
Z 1 69
P
P
Z 1 174
P
P
Z 1 65
P
Z 1 147
P
P
P
Z 1 10
P
Z 1 70
P
P
Z 1 114
Z 1 169
Z 1 67
Z 1 285
Z 1 192
P
Z 1 33
P
P
Z 1 214
P
P
Z 1 19
P
P
P
Z 1 85
P
Z 1 220
P
P
P
P
P
P
Z 1 20
Z 1 254
Z 1 292
P
P
Z 1 155
Z 1 170
P
Z 1 23
P
P
P
Z 1 130
P
P
P
P
P
P
P
P
P
Z 1 201
Z 1 55
P
Z 1 212
P
Z 1 256
Z 1 255
P
Z 1 259
P
P
Z 1 62
P
Z 1 155
P
P
P
P
Z 1 43
Z 1 51
P
Z 1 298
P
P
Z 1 203
P
P
P
P
Z 1 234
P
P
P
Z 1 65
P
Z 1 288
P
P
P
Z 1 136
P
P
Z 1 268
P
Z 1 189
P
P
P
Z 1 23
P
Z 1 243
P
P
Z 1 108
Z 1 140
P
P
P
Z 1 243
P
P
P
Z 1 61
P
D
Z 1 176
P
P
P
P
P
Z 1 124
Z 2 207
P
Z 2 300
P
P
Z 2 191
P
Z 2 233
P
P
P
Z 1 68
Z 2 151
P
Z 1 173
Z 1 16
Z 2 192
P
P
Z 1 123
Z 276 95
P
P
Z 2 291
P
P
P
P
P
Z 1 201
P
P
P
Z 82 34
Z 5 284
Z 1 205
Z 1 211
Z 1 56
Z 1 245
Z 2 240
Z 1 207
Z 2 188
Z 2 258
Z 1 258
Z 1 127
Z 1 78
Z 1 36
Z 1 94
Z 1 184
Z 2 5
Z 1 244
Z 1 159
D
L
Z 3 147
L
L
L
L
L
L
L
Z 3 176
L
Z 1 38
Z 2 256
L
Z 3 106
Z 1 66
L
L
L
L
Z 1 300
L
L
Z 1 277
L
Z 3 135
Z 1 285
Z 1 41
Z 1 181
L
L
Z 1 176
L
L
L
L
L
Z 169 210
Z 3 142
L
L
L
L
Z 1 118
L
L
L
Z 232 43
L
L
L
L
L
L
L
L
L
Z 2 193
L
L
L
L
Z 1 239
Z 3 265
L
L
L
Z 2 140
Z 1 276
L
Z 1 126
L
Z 3 297
Z 2 98
L
L
Z 3 253
L
Z 1 126
L
L
L
L
L
Z 3 258
L
L
Z 3 4
Z 3 198
L
L
L
L
L
Z 1 10
L
Z 1 278
L
L
L
L
L
L
L
Z 2 216
L
L
Z 3 284
L
Z 3 190
Z 34 142
Z 3 135
L
L
Z 3 245
L
L
L
Z 3 27
L
Z 3 47
L
Z 2 159
L
Z 1 248
L
L
L
L
Z 2 203
L
L
Z 1 63
L
L
L
L
L
L
L
Z 2 42
L
Z 1 181
Z 1 151
L
Z 3 80
Z 2 112
L
Z 2 212
Z 2 293
Z 3 31
L
Z 2 175
L
Z 1 26
L
Z 1 295
L
L
L
Z 1 49
Z 2 214
Z 1 30
L
L
L
L
L
Z 2 105
L
L
L
L
Z 3 97
Z 3 217
L
L
L
L
Z 3 95
L
Z 2 116
L
L
Z 1 2
L
L
L
L
L
Z 2 101
L
L
L
Z 1 289
L
L
L
Z 2 57
Z 2 120
Z 3 299
L
L
L
L
L
L
L
Z 3 95
L
Z 1 142
Z 1 209
L
L
L
L
Z 1 275
L
L
Z 1 279
L
L
L
L
Z 1 193
L
L
Z 2 252
L
L
L
Z 1 226
Z 10 183
Z 3 186
L
L
L
Z 3 26
L
L
L
Z 2 190
L
L
Z 1 10
Z 2 108
L
L
L
L
L
L
L
L
L
Z 2 149
L
Z 3 187
L
L
L
L
Z 1 114
L
L
L
L
L
Z 3 285
L
Z 2 225
L
L
L
L
L
L
L
L
L
Z 2 274
L
L
L
Z 2 280
L
L
L
L
L
L
Z 1 145
L
L
Z 3 56
L
L
L
L
L
L
L
L
Z 2 108
L
L
L
L
L
Z 1 177
Z 2 152
Z 2 47
L
L
L
Z 3 10
L
L
L
L
L
L
L
L
Z 2 6
L
Z 3 184
L
L
Z 2 296
L
L
L
L
L
Z 1 273
L
L
Z 2 221
Z 3 21
L
Z 3 145
Z 3 202
Z 3 124
L
Z 3 202
L
Z 2 130
L
L
L
Z 3 130
L
L
L
L
L
L
Z 1 151
L
L
L
L
L
Z 1 102
L
Z 2 219
L
L
L
Z 3 66
Z 2 228
Z 1 142
L
L
L
L
Z 1 207
Z 29 217
L
L
L
L
L
Z 1 296
L
Z 1 108
L
L
L
L
L
Z 2 204
Z 2 18
L
Z 3 222
L
Z 2 31
Z 3 131
Z 3 29
L
L
Z 2 87
L
L
L
L
L
L
L
L
Z 2 78
L
L
L
Z 1 4
Z 3 84
L
Z 2 166
L
L
Z 3 275
L
Z 3 134
L
L
Z 3 28
L
L
L
L
Z 2 260
L
Z 3 61
Z 3 9
Z 2 281
Z 3 139
Z 3 126
Z 1 238
Z 2 81
Z 1 91
Z 78 86
Z 1 299
Z 1 232
Z 2 88
Z 1 142
Z 2 291
Z 3 142
Z 3 232
Z 2 64
Z 2 6
Z 2 74
Z 3 138
Z 2 177
Z 3 4
Z 2 116
Z 1 166
Z 1 172
Z 3 161
Z 2 58
Z 3 263
Z 3 29
Z 1 47
Z 2 18
Z 2 204
Z 1 257
Z 3 201
Z 3 257
Z 1 141
Z 3 78
Z 3 290
Z 1 89
Z 78 82
Z 1 176
D
P
Z 234 179
Z 2 177
P
P
Z 3 113
P
Z 2 15
P
P
Z 3 67
Z 2 95
P
P
P
Z 3 29
P
Z 4 23
P
Z 2 176
Z 4 19
P
P
Z 4 264
Z 4 181
Z 97 21
Z 249 139
P
P
P
P
P
P
P
P
Z 2 201
P
Z 2 249
Z 2 105
P
P
Z 4 298
P
Z 1 128
P
P
P
P
Z 1 300
Z 4 57
Z 2 9
P
Z 2 228
Z 4 178
P
Z 1 23
P
P
P
Z 2 93
Z 3 180
P
P
P
P
P
P
P
P
P
P
P
P
Z 4 100
P
P
P
P
P
P
P
P
P
Z 4 112
P
Z 4 247
P
Z 1 262
Z 2 180
P
P
P
Z 3 148
P
P
P
P
P
P
P
Z 4 234
P
P
Z 4 185
P
P
P
P
P
P
P
Z 1 278
P
Z 4 229
Z 2 179
P
P
Z 1 224
Z 182 12
P
P
P
P
P
P
P
P
P
P
Z 162 139
P
P
P
P
P
P
P
Z 3 300
P
P
P
P
P
P
Z 3 252
P
P
P
Z 3 152
P
Z 2 31
Z 2 155
P
P
Z 2 212
Z 1 11
P
Z 4 41
P
Z 1 175
P
P
P
P
Z 3 30
P
Z 3 133
P
P
P
P
P
P
P
Z 1 150
Z 3 293
Z 2 290
P
Z 3 1
P
Z 1 57
P
P
Z 1 296
P
P
P
Z 2 219
Z 2 172
P
P
Z 4 268
P
Z 4 9
P
P
P
Z 300 20
Z 2 115
P
Z 2 170
P
Z 2 244
P
Z 2 284
P
P
P
P
Z 3 71
P
P
P
P
Z 2 10
P
P
P
P
P
P
P
P
P
P
P
Z 1 34
P
P
P
P
P
P
P
Z 2 31
P
Z 1 15
Z 4 230
Z 4 230
P
P
P
P
Z 2 162
P
P
P
P
P
P
Z 4 50
Z 2 268
Z 2 84
P
P
Z 3 45
Z 2 62
P
P
P
Z 4 226
Z 4 126
P
Z 1 261
Z 1 19
P
P
P
P
D
P
P
Z 1 297
Z 1 250
Z 90 265
P
Z 4 257
P
P
Z 2 122
P
P
P
P
P
P
P
P
P
P
Z 3 28
Z 95 75
P
P
P
P
P
P
P
P
Z 1 273
P
Z 3 188
P
P
P
D
P
P
P
P
P
P
P
P
P
Z 6 206
Z 4 133
P
Z 6 184
P
P
P
P
P
P
P
P
P
P
P
Z 2 257
Z 2 53
P
Z 6 258
Z 2 17
Z 2 48
P
P
Z 3 134
P
P
P
P
Z 2 209
P
P
P
Z 5 6
P
Z 2 116
P
P
P
P
Z 5 114
P
P
P
P
Z 5 37
P
Z 4 16
P
P
D
Z 1 197
P
P
P
P
P
P
Z 6 98
P
P
Z 3 246
Z 4 114
Z 1 181
P
P
P
Z 3 260
P
P
P
Z 6 267
P
Z 5 3
P
P
Z 5 128
Z 7 128
P
P
Z 2 227
P
P
P
P
P
P
P
P
Z 1 113
P
Z 5 185
P
P
Z 7 41
P
Z 4 154
P
Z 6 284
P
Z 6 71
Z 7 270
P
P
P
P
P
P
P
Z 2 298
P
Z 43 192
Z 6 200
P
P
Z 6 24
P
Z 4 172
Z 6 36
Z 4 162
Z 6 124
Z 7 202
Z 4 92
Z 7 64
Z 3 286
Z 46 211
Z 4 288
Z 2 209
Z 2 252
Z 6 281
Z 131 273
Z 5 83
Z 2 57
Z 3 285
Z 7 71
Z 5 72
Z 6 176
Z 5 260
Z 4 40
Z 5 202
Z 4 79
Z 2 175
Z 3 36
Z 1 42
Z 4 133
Z 3 175
Z 6 155
Z 6 270
Z 1 256
Z 7 232
Z 2 298
Z 3 296
Z 5 124
Z 4 293
Z 5 111
Z 254 122
Z 1 30
Z 7 122
Z 4 73
Z 6 129
Z 2 25
Z 4 9
Z 2 141
Z 5 147
Z 2 211
Z 6 69
D
Z 1 97
L
Z 2 231
L
L
L
L
L
L
Z 4 139
L
L
L
L
L
Z 2 38
Z 6 271
L
Z 2 170
L
Z 6 86
L
Z 3 165
L
L
L
L
Z 3 186
L
Z 7 99
L
L
L
Z 20 39
L
L
L
Z 3 26
L
Z 3 95
L
L
L
Z 5 143
Z 2 276
L
Z 2 192
L
L
L
L
L
L
Z 1 51
L
L
L
L
Z 3 274
L
L
Z 7 37
L
L
Z 7 181
L
Z 7 157
Z 7 189
L
Z 8 300
L
Z 3 10
L
L
Z 7 235
L
L
L
L
Z 6 129
L
Z 4 250
L
Z 1 28
Z 4 290
L
L
Z 2 18
L
L
L
Z 2 156
L
Z 3 177
L
L
L
L
L
Z 6 205
Z 4 265
L
L
L
L
Z 7 39
L
L
L
L
L
Z 1 127
L
Z 7 201
L
L
Z 260 150
L
L
Z 2 4
L
L
L
Z 6 257
L
L
L
L
L
Z 214 116
Z 8 200
L
L
L
L
L
Z 3 280
L
Z 1 237
Z 7 185
Z 6 243
L
Z 4 179
L
L
L
Z 8 148
L
L
L
L
L
Z 7 188
Z 141 132
L
Z 2 30
L
Z 3 49
L
L
L
Z 1 119
Z 8 81
L
Z 5 25
L
L
L
L
Z 4 136
Z 6 93
Z 2 120
Z 6 85
L
L
L
Z 2 255
L
L
Z 8 100
L
Z 1 82
Z 8 196
L
L
L
Z 5 89
L
L
Z 3 293
L
Z 3 126
L
L
L
L
L
L
L
Z 5 125
Z 2 79
L
Z 6 166
L
L
L
L
Z 3 207
Z 1 170
Z 3 33
L
Z 7 110
Z 154 222
Z 7 149
L
L
Z 276 154
L
L
L
Z 3 41
L
L
Z 7 133
L
Z 5 255
Z 1 209
L
L
L
L
L
Z 221 114
L
L
L
L
Z 5 40
L
Z 6 136
L
L
L
Z 4 151
Z 7 285
L
Z 3 256
Z 7 265
L
L
L
L
L
Z 8 267
L
L
L
Z 7 252
L
L
Z 5 136
L
Z 6 21
L
L
L
Z 1 190
Z 1 251
Z 6 245
L
Z 6 161
L
L
Z 5 235
L
Z 2 187
Z 3 45
Z 2 84
Z 6 270
L
L
Z 3 33
L
L
L
L
Z 4 275
L
L
Z 80 84
Z 7 277
L
Z 207 235
Z 1 249
L
L
Z 2 191
Z 8 203
L
Z 4 26
L
L
L
L
Z 5 99
L
L
L
Z 7 37
Z 3 280
Z 2 146
L
L
Z 6 105
L
L
Z 4 32
L
Z 5 31
L
L
L
L
L
L
L
Z 3 118
L
L
Z 5 130
L
Z 6 182
L
Z 299 225
L
Z 6 289
L
L
L
L
L
L
L
L
Z 1 44
L
Z 6 282
Z 274 56
L
L
L
L
Z 2 176
L
L
L
Z 7 3
L
L
L
Z 4 203
L
Z 7 161
L
L
L
L
L
L
L
L
L
Z 5 246
L
L
Z 1 205
L
L
L
Z 2 187
L
L
L
Z 5 288
Z 7 66
Z 5 154
Z 6 256
L
Z 3 65
L
L
Z 5 190
Z 3 68
Z 3 81
L
Z 2 51
L
L
Z 6 30
Z 58 22
Z 2 218
Z 7 267
Z 2 100
Z 4 105
Z 3 20
Z 7 125
Z 2 277
Z 4 206
L
L
L
Z 2 234
Z 2 291
L
L
Z 6 166
Z 8 230
Z 7 188
L
L
L
L
Z 4 110
L
Z 8 37
Z 4 92
L
L
Z 4 280
Z 5 237
L
Z 4 64
Z 5 63
L
Z 8 186
L
L
L
L
Z 7 288
L
Z 2 61
L
Z 3 206
L
Z 4 120
L
Z 6 239
L
L
L
Z 8 90
L
Z 6 186
L
Z 205 232
Z 6 21
Z 1 145
L
L
L
L
Z 11 269
L
Z 8 183
Z 3 110
L
L
L
L
L
L
L
Z 4 10
L
L
Z 4 5
Z 4 93
Z 6 201
Z 6 171
Z 1 85
Z 8 291
Z 5 134
Z 4 13
Z 2 67
Z 7 108
Z 4 270
Z 5 74
Z 7 7
Z 2 73
Z 4 96
Z 4 128
Z 3 254
Z 7 13
Z 8 239
Z 5 20
Z 6 214
Z 4 197
Z 212 165
Z 1 150
Z 1 149
Z 1 185
Z 7 223
Z 1 57
Z 3 172
Z 4 45
Z 5 236
Z 8 224
Z 8 215
Z 7 188
Z 1 205
Z 8 49
Z 8 44
Z 6 285
Z 1 255
Z 4 209
Z 5 252
Z 4 91
Z 2 7
Z 4 151
Z 6 219
Z 8 263
Z 6 69
Z 253 157
Z 3 296
Z 5 94
Z 8 284
Z 1 158
Z 5 162
Z 8 102
Z 4 110
Z 7 175
Z 7 17
D
P
Z 1 28
P
P
P
Z 2 222
Z 9 211
P
P
P
Z 3 161